     TTC Camera Evaluation
12.31
-0.6702
-0.3443
-0.2951
-0.271
-0.2514
-0.2836
-0.2623
-0.2507
-0.2675
-0.2803
-0.3282
-0.27
-0.2845
-0.2892
-0.2682
-0.2737
-0.2804


     TTC Lidar Evaluation
TTC: 17.25
11.92
12.19
43.25
10.29
13.7
16.91
12.17
10.23
7.701
36.87
9.12
10.95
8.018
7.491
9.96
30.17
5.988
      delta d: 
0.046
0.066
0.064
0.018
0.075
0.056
0.045
0.062
0.073
0.096
0.02
0.08
0.066
0.089
0.094
0.07
0.023
0.11
      vel: 
0.46
0.66
0.64
0.18
0.75
0.56
0.45
0.62
0.73
0.96
0.2
0.8
0.66
0.89
0.94
0.7
0.23
1.1
      min dist: 
7.9
7.9
7.8
7.8
7.7
7.7
7.6
7.5
7.5
7.4
7.4
7.3
7.2
7.1
7
7
6.9
6.8
