     TTC Camera Evaluation
12.95
-0.5708
-0.3168
-0.3117
-0.2831
-0.2532
-0.2823
-0.2691
-0.2443
-0.2709
-0.2834
-0.3349
-0.2702
-0.2897
-0.2939
-0.2665
-0.277
-0.2811


     TTC Lidar Evaluation
TTC: 14.68
13.8
13.94
51.96
10.58
14.76
14.35
11.09
16.28
9.478
73.83
9.486
11.65
8.018
7.829
8.814
30.17
6.152
      delta d: 
0.054
0.057
0.056
0.015
0.073
0.052
0.053
0.068
0.046
0.078
0.01
0.077
0.062
0.089
0.09
0.079
0.023
0.11
      vel: 
0.54
0.57
0.56
0.15
0.73
0.52
0.53
0.68
0.46
0.78
0.1
0.77
0.62
0.89
0.9
0.79
0.23
1.1
      min dist: 
7.9
7.9
7.8
7.8
7.7
7.7
7.6
7.5
7.5
7.4
7.4
7.3
7.2
7.1
7
7
6.9
6.8
