     TTC Camera Evaluation
12.75
-0.9557
-0.3375
-0.3438
-0.3264
-0.2591
-0.3021
-0.2742
-0.2411
-0.2994
-0.2959
-0.3053
-0.2775
-0.277
-0.3017
-0.2687
-0.2774
-0.3132


     TTC Lidar Evaluation
TTC: 15.26
13.56
12.59
86.6
14.31
14.47
16.2
13.74
12.45
8.307
16.4
9.116
11.65
7.592
8.007
8.389
10.29
6.152
      delta d: 
0.052
0.058
0.062
0.009
0.054
0.053
0.047
0.055
0.06
0.089
0.045
0.08
0.062
0.094
0.088
0.083
0.067
0.11
      vel: 
0.52
0.58
0.62
0.09
0.54
0.53
0.47
0.55
0.6
0.89
0.45
0.8
0.62
0.94
0.88
0.83
0.67
1.1
      min dist: 
7.9
7.9
7.8
7.8
7.7
7.7
7.6
7.6
7.5
7.4
7.4
7.3
7.2
7.1
7
7
6.9
6.8
