     TTC Camera Evaluation
16.18
-0.6082
-0.3035
-0.3232
-0.3056
-0.2625
-0.2819
-0.2706
-0.2518
-0.2662
-0.2842
-0.3776
-0.2664
-0.2917
-0.2834
-0.2687
-0.2749
-0.2765


     TTC Lidar Evaluation
TTC: 15.24
11.57
12.59
86.6
11.03
15.66
12.08
11.09
12.91
8.907
36.87
9.475
11.48
8.114
8.924
8.389
30.17
9.614
      delta d: 
0.052
0.068
0.062
0.009
0.07
0.049
0.063
0.068
0.058
0.083
0.02
0.077
0.063
0.088
0.079
0.083
0.023
0.071
      vel: 
0.52
0.68
0.62
0.09
0.7
0.49
0.63
0.68
0.58
0.83
0.2
0.77
0.63
0.88
0.79
0.83
0.23
0.71
      min dist: 
7.9
7.9
7.8
7.8
7.7
7.7
7.6
7.5
7.5
7.4
7.4
7.3
7.2
7.1
7.1
7
6.9
6.8
