     TTC Camera Evaluation
14.32
-1.056
-0.3182
-0.3307
-0.3016
-0.2567
-0.2849
-0.2769
-0.2536
-0.2674
-0.2838
-0.3334
-0.271
-0.2864
-0.288
-0.2667
-0.2732
-0.2705


     TTC Lidar Evaluation
TTC: 17.63
11.4
12.59
86.6
16.45
14.47
12.08
12.17
12.25
8.307
20.51
8.096
15.38
7.592
7.491
8.814
53.46
9.751
      delta d: 
0.045
0.069
0.062
0.009
0.047
0.053
0.063
0.062
0.061
0.089
0.036
0.09
0.047
0.094
0.094
0.079
0.013
0.07
      vel: 
0.45
0.69
0.62
0.09
0.47
0.53
0.63
0.62
0.61
0.89
0.36
0.9
0.47
0.94
0.94
0.79
0.13
0.7
      min dist: 
7.9
7.9
7.8
7.8
7.7
7.7
7.6
7.5
7.5
7.4
7.4
7.3
7.2
7.1
7
7
6.9
6.8
