     TTC Camera Evaluation
16.15
-0.6232
-0.3228
-0.316
-0.2915
-0.2602
-0.2802
-0.2692
-0.2522
-0.2812
-0.2826
-0.3007
-0.2601
-0.2877
-0.297
-0.2652
-0.2686
-0.2723


     TTC Lidar Evaluation
TTC: -798.1
14.57
12.19
86.6
12.47
14.21
15.22
11.6
17.01
9.478
49.19
7.828
11.47
7.504
7.491
8.814
30.17
9.751
      delta d: 
-0.001
0.054
0.064
0.009
0.062
0.054
0.05
0.065
0.044
0.078
0.015
0.093
0.063
0.095
0.094
0.079
0.023
0.07
      vel: 
-0.01
0.54
0.64
0.09
0.62
0.54
0.5
0.65
0.44
0.78
0.15
0.93
0.63
0.95
0.94
0.79
0.23
0.7
      min dist: 
8
7.9
7.8
7.8
7.7
7.7
7.6
7.5
7.5
7.4
7.4
7.3
7.2
7.1
7
7
6.9
6.8
