     TTC Camera Evaluation
29.55
-0.444
-0.4739
-0.312
-0.23
-0.2876
-0.2508
-0.2312
-0.2558
0.01522
-0.2618
-0.3023
0.0855
-0.2835
0.009156
-0.2379
-0.2804
0.006972


     TTC Lidar Evaluation
TTC: 13.66
13.56
12.59
32.41
16.45
12.58
12.08
12.17
9.337
8.036
36.87
7.914
9.146
7.931
7.335
8.389
10.29
9.751
      delta d: 
0.058
0.058
0.062
0.024
0.047
0.061
0.063
0.062
0.08
0.092
0.02
0.092
0.079
0.09
0.096
0.083
0.067
0.07
      vel: 
0.58
0.58
0.62
0.24
0.47
0.61
0.63
0.62
0.8
0.92
0.2
0.92
0.79
0.9
0.96
0.83
0.67
0.7
      min dist: 
7.9
7.9
7.8
7.8
7.7
7.7
7.6
7.5
7.5
7.4
7.4
7.3
7.2
7.1
7
7
6.9
6.8
