     TTC Camera Evaluation
12.67
-0.888
-0.4524
-0.3344
-0.2534
0.004615
-0.287
-0.2714
-0.271
0.05114
-0.3432
-0.2784
0.2216
0.008267
-0.2496
-0.2698
-0.347
0.003744


     TTC Lidar Evaluation
TTC: 15.24
11.92
12.19
86.6
10.3
12.16
11.36
11.6
12.9
9.478
16.03
10.59
10.79
7.757
8.602
8.389
21.69
5.988
      delta d: 
0.052
0.066
0.064
0.009
0.075
0.063
0.067
0.065
0.058
0.078
0.046
0.069
0.067
0.092
0.082
0.083
0.032
0.11
      vel: 
0.52
0.66
0.64
0.09
0.75
0.63
0.67
0.65
0.58
0.78
0.46
0.69
0.67
0.92
0.82
0.83
0.32
1.1
      min dist: 
7.9
7.9
7.8
7.8
7.7
7.7
7.6
7.5
7.5
7.4
7.4
7.3
7.2
7.1
7.1
7
6.9
6.8
