     TTC Camera Evaluation
20.94
-0.6686
-0.3767
-0.3009
-0.2593
-0.2662
0.01956
-0.2584
5.091
-0.2233
-0.2835
-0.292
-0.2579
-0.2791
-0.2485
-0.247
-0.3102
0.005919


     TTC Lidar Evaluation
TTC: 17.25
11.57
12.59
25.93
16.45
11.27
12.69
11.6
11.52
9.601
36.87
8.375
10.18
7.504
7.491
8.389
10.29
5.988
      delta d: 
0.046
0.068
0.062
0.03
0.047
0.068
0.06
0.065
0.065
0.077
0.02
0.087
0.071
0.095
0.094
0.083
0.067
0.11
      vel: 
0.46
0.68
0.62
0.3
0.47
0.68
0.6
0.65
0.65
0.77
0.2
0.87
0.71
0.95
0.94
0.83
0.67
1.1
      min dist: 
7.9
7.9
7.8
7.8
7.7
7.7
7.6
7.5
7.5
7.4
7.4
7.3
7.2
7.1
7
7
6.9
6.8
