     TTC Camera Evaluation
9.571
-0.5866
-0.3418
-0.2681
-0.254
-0.2511
0.03544
-0.2545
-0.2485
0.1272
-0.2781
-0.2857
-0.2506
-0.2757
-0.251
-0.2495
-0.3033
0.01113


     TTC Lidar Evaluation
TTC: 13.9
11.92
12.59
86.6
12.47
14.47
11.7
12.58
13.87
12.17
49.19
9.241
10.18
8.81
8.007
8.814
30.17
5.988
      delta d: 
0.057
0.066
0.062
0.009
0.062
0.053
0.065
0.06
0.054
0.061
0.015
0.079
0.071
0.081
0.088
0.079
0.023
0.11
      vel: 
0.57
0.66
0.62
0.09
0.62
0.53
0.65
0.6
0.54
0.61
0.15
0.79
0.71
0.81
0.88
0.79
0.23
1.1
      min dist: 
7.9
7.9
7.8
7.8
7.7
7.7
7.6
7.5
7.5
7.4
7.4
7.3
7.2
7.1
7
7
6.9
6.8
