     TTC Camera Evaluation
42.08
-0.5147
-0.4581
-0.3079
0.004496
-0.2768
-0.2689
-0.2343
-0.2219
0.03381
-0.2718
-0.2895
-0.2484
-0.288
0.1553
-0.2504
-0.2715
0.01377


     TTC Lidar Evaluation
TTC: 13.91
14.57
12.59
43.25
11.89
14.47
20.03
11.61
11.16
8.124
49.19
7.28
9.016
9.033
7.491
8.814
30.17
9.751
      delta d: 
0.057
0.054
0.062
0.018
0.065
0.053
0.038
0.065
0.067
0.091
0.015
0.1
0.08
0.079
0.094
0.079
0.023
0.07
      vel: 
0.57
0.54
0.62
0.18
0.65
0.53
0.38
0.65
0.67
0.91
0.15
1
0.8
0.79
0.94
0.79
0.23
0.7
      min dist: 
7.9
7.9
7.8
7.8
7.7
7.7
7.6
7.5
7.5
7.4
7.4
7.3
7.2
7.1
7
7
6.9
6.8
