     TTC Camera Evaluation
15.6
-0.7136
-0.3113
-0.2948
-0.2717
-0.2724
-0.2921
-0.286
-0.2881
-0.2706
-0.2805
-0.3391
-0.286
-0.3045
-0.2723
-0.2789
-0.3171
-0.2787


     TTC Lidar Evaluation
TTC: 15.24
11.4
15.92
32.44
13.8
11.97
14.35
10.61
16.63
7.468
43.39
8.58
12.91
7.757
7.829
8.814
30.17
6.447
      delta d: 
0.052
0.069
0.049
0.024
0.056
0.064
0.053
0.071
0.045
0.099
0.017
0.085
0.056
0.092
0.09
0.079
0.023
0.11
      vel: 
0.52
0.69
0.49
0.24
0.56
0.64
0.53
0.71
0.45
0.99
0.17
0.85
0.56
0.92
0.9
0.79
0.23
1.1
      min dist: 
7.9
7.9
7.8
7.8
7.7
7.7
7.6
7.5
7.5
7.4
7.4
7.3
7.2
7.1
7
7
6.9
6.8
