     TTC Camera Evaluation
14.74
-0.4225
-0.305
-0.274
-0.2748
-0.2928
-0.294
-0.2758
-0.2933
-0.239
-0.2833
-0.343
-0.2729
-0.2905
-0.2578
-0.2631
-0.3318
-0.2699


     TTC Lidar Evaluation
TTC: 13.66
11.92
15.92
260
11.89
15.34
13.36
10.32
10.67
12.17
49.19
10.28
12.46
7.757
7.491
8.389
10.29
8.865
      delta d: 
0.058
0.066
0.049
0.003
0.065
0.05
0.057
0.073
0.07
0.061
0.015
0.071
0.058
0.092
0.094
0.083
0.067
0.077
      vel: 
0.58
0.66
0.49
0.03
0.65
0.5
0.57
0.73
0.7
0.61
0.15
0.71
0.58
0.92
0.94
0.83
0.67
0.77
      min dist: 
7.9
7.9
7.8
7.8
7.7
7.7
7.6
7.5
7.5
7.4
7.4
7.3
7.2
7.1
7
7
6.9
6.8
