     TTC Camera Evaluation
12.16
-0.2815
-0.155
-0.1632
-0.1456
-0.1433
-0.1465
-0.1491
-0.1461
-0.1383
-0.1427
-0.1436
-0.1414
-0.1413
-0.1379
-0.1344
-0.1383
-0.1342


     TTC Lidar Evaluation
 TTC: 
17.25
11.57
13.94
51.96
12.47
13.46
11.89
11.09
12.91
8.036
52.71
7.43
13.9
7.129
8.489
8.389
30.17
6.152
 delta d: 
0.046
0.068
0.056
0.015
0.062
0.057
0.064
0.068
0.058
0.092
0.014
0.098
0.052
0.1
0.083
0.083
0.023
0.11
 vel: 
0.46
0.68
0.56
0.15
0.62
0.57
0.64
0.68
0.58
0.92
0.14
0.98
0.52
1
0.83
0.83
0.23
1.1
 min dist: 
7.9
7.9
7.8
7.8
7.7
7.7
7.6
7.5
7.5
7.4
7.4
7.3
7.2
7.1
7
7
6.9
6.8
