     TTC Camera Evaluation
37.1
-0.6402
-0.2782
-0.2757
-0.2619
-0.2889
-0.276
-0.3019
-0.2525
-0.2408
-0.2984
-0.3323
-0.2768
-0.301
-0.2674
-0.2788
-0.3005
-0.28


     TTC Lidar Evaluation
TTC: 18.45
14.04
12.59
48.67
13.31
17.44
16.2
12.38
9.829
14.55
43.39
8.191
10.63
8.109
8.289
8.814
19.28
5.636
      delta d: 
0.043
0.056
0.062
0.016
0.058
0.044
0.047
0.061
0.076
0.051
0.017
0.089
0.068
0.088
0.085
0.079
0.036
0.12
      vel: 
0.43
0.56
0.62
0.16
0.58
0.44
0.47
0.61
0.76
0.51
0.17
0.89
0.68
0.88
0.85
0.79
0.36
1.2
      min dist: 
7.9
7.9
7.8
7.8
7.7
7.7
7.6
7.6
7.5
7.4
7.4
7.3
7.2
7.1
7
7
6.9
6.8
