     TTC Camera Evaluation
25.62
-0.5934
-0.3054
-0.3239
-0.2612
-0.2998
-0.2755
-0.3094
-0.262
-0.2544
-0.3115
-0.3304
-0.276
-0.2971
-0.2859
-0.29
-0.3257
-0.2835


     TTC Lidar Evaluation
TTC: 17.25
14.04
12.79
86.6
10.3
12.58
10.87
11.61
12.91
9.601
27.28
7.351
11.84
7.84
6.581
8.814
30.17
6.51
      delta d: 
0.046
0.056
0.061
0.009
0.075
0.061
0.07
0.065
0.058
0.077
0.027
0.099
0.061
0.091
0.11
0.079
0.023
0.11
      vel: 
0.46
0.56
0.61
0.09
0.75
0.61
0.7
0.65
0.58
0.77
0.27
0.99
0.61
0.91
1.1
0.79
0.23
1.1
      min dist: 
7.9
7.9
7.8
7.8
7.7
7.7
7.6
7.5
7.5
7.4
7.4
7.3
7.2
7.1
7
7
6.9
6.8
