     TTC Camera Evaluation
-inf
-inf
-inf
-inf
-inf
-inf
-inf
-inf
-inf
-inf
-inf
-inf
-inf
-inf
-inf
-inf
-inf
-inf


     TTC Lidar Evaluation
 TTC: 
17.25
12.9
11.31
43.25
11.7
11.6
18.12
11.61
13.14
7.701
36.87
8.375
12.68
7.673
7.829
9.422
21.69
5.988
 delta d: 
0.046
0.061
0.069
0.018
0.066
0.066
0.042
0.065
0.057
0.096
0.02
0.087
0.057
0.093
0.09
0.074
0.032
0.11
 vel: 
0.46
0.61
0.69
0.18
0.66
0.66
0.42
0.65
0.57
0.96
0.2
0.87
0.57
0.93
0.9
0.74
0.32
1.1
 min dist: 
7.9
7.9
7.8
7.8
7.7
7.7
7.6
7.5
7.5
7.4
7.4
7.3
7.2
7.1
7
7
6.9
6.8
