     TTC Camera Evaluation
5.125
-inf
55.39
7.898
31.14
136.5
25.39
-24.51
-74.86
33.5
-48.8
-11.47
11.47
-54.87
-42.86
410.1
0.6754
5.273


     TTC Lidar Evaluation
TTC: 13.9
11.57
12.4
260
11.03
12.58
11.7
11.09
10.23
9.601
36.87
9.116
10.62
8.018
7.829
8.814
30.17
9.751
      delta d: 
0.057
0.068
0.063
0.003
0.07
0.061
0.065
0.068
0.073
0.077
0.02
0.08
0.068
0.089
0.09
0.079
0.023
0.07
      vel: 
0.57
0.68
0.63
0.03
0.7
0.61
0.65
0.68
0.73
0.77
0.2
0.8
0.68
0.89
0.9
0.79
0.23
0.7
      min dist: 
7.9
7.9
7.8
7.8
7.7
7.7
7.6
7.5
7.5
7.4
7.4
7.3
7.2
7.1
7
7
6.9
6.8
