     TTC Camera Evaluation
-inf
-inf
-inf
-inf
-inf
-inf
-inf
-inf
-inf
-inf
-inf
-inf
-inf
-inf
-inf
-inf
-inf
-inf


     TTC Lidar Evaluation
 TTC: 
17.25
11.4
14.2
51.96
11.03
14.47
12.69
11.98
10.38
13.02
16.03
9.475
8.907
9.033
7.829
8.389
30.17
6.51
 delta d: 
0.046
0.069
0.055
0.015
0.07
0.053
0.06
0.063
0.072
0.057
0.046
0.077
0.081
0.079
0.09
0.083
0.023
0.11
 vel: 
0.46
0.69
0.55
0.15
0.7
0.53
0.6
0.63
0.72
0.57
0.46
0.77
0.81
0.79
0.9
0.83
0.23
1.1
 min dist: 
7.9
7.9
7.8
7.8
7.7
7.7
7.6
7.5
7.5
7.4
7.4
7.3
7.2
7.1
7
7
6.9
6.8
