     TTC Camera Evaluation
10.91
-inf
-inf
-inf
-inf
-inf
-inf
-inf
-inf
-inf
-inf
-inf
-inf
-inf
-inf
-inf
-inf
-inf


     TTC Lidar Evaluation
 TTC: 
13.9
13.8
12.59
86.6
10.58
12.77
15.22
9.182
12.66
9.601
52.71
8.79
10.95
7.592
7.491
8.814
10.29
9.751
 delta d: 
0.057
0.057
0.062
0.009
0.073
0.06
0.05
0.082
0.059
0.077
0.014
0.083
0.066
0.094
0.094
0.079
0.067
0.07
 vel: 
0.57
0.57
0.62
0.09
0.73
0.6
0.5
0.82
0.59
0.77
0.14
0.83
0.66
0.94
0.94
0.79
0.67
0.7
 min dist: 
7.9
7.9
7.8
7.8
7.7
7.7
7.6
7.5
7.5
7.4
7.4
7.3
7.2
7.1
7
7
6.9
6.8
