     TTC Camera Evaluation
-inf
-inf
-inf
-inf
-inf
-inf
-inf
-inf
-inf
-inf
-inf
-inf
-inf
-inf
-inf
-inf
-inf
-inf


     TTC Lidar Evaluation
 TTC: 
14.68
12.89
12.79
32.41
12.87
15.98
13.36
8.964
15.59
12.8
15.37
8.096
12.68
7.844
7.335
8.814
30.17
5.636
 delta d: 
0.054
0.061
0.061
0.024
0.06
0.048
0.057
0.084
0.048
0.058
0.048
0.09
0.057
0.091
0.096
0.079
0.023
0.12
 vel: 
0.54
0.61
0.61
0.24
0.6
0.48
0.57
0.84
0.48
0.58
0.48
0.9
0.57
0.91
0.96
0.79
0.23
1.2
 min dist: 
7.9
7.9
7.8
7.8
7.7
7.7
7.6
7.5
7.5
7.4
7.4
7.3
7.2
7.1
7
7
6.9
6.8
