     TTC Camera Evaluation
3.179
0.6675
0.6239
0.4001
1.374
0.001851
0.8272
0.004681
0.007733
0.001449
0.008251
0.003918
0.0006381
0.003285
0.007535
0.0008949
0.004513
0.001438


     TTC Lidar Evaluation
TTC: 13.9
11.4
12.19
43.25
11.2
15.05
13.36
14.53
11.88
9.478
52.71
9.475
12.68
7.673
7.829
8.814
30.17
6.152
      delta d: 
0.057
0.069
0.064
0.018
0.069
0.051
0.057
0.052
0.063
0.078
0.014
0.077
0.057
0.093
0.09
0.079
0.023
0.11
      vel: 
0.57
0.69
0.64
0.18
0.69
0.51
0.57
0.52
0.63
0.78
0.14
0.77
0.57
0.93
0.9
0.79
0.23
1.1
      min dist: 
7.9
7.9
7.8
7.8
7.7
7.7
7.6
7.6
7.5
7.4
7.4
7.3
7.2
7.1
7
7
6.9
6.8
