     TTC Camera Evaluation
-50.68
0.1013
0.223
0.1436
0.7093
0.2835
0.32
0.3381
0.3234
0.3279
0.4318
0.8863
0.0001581
0.2177
0.0006267
0.3939
0.1415
0.00239


     TTC Lidar Evaluation
TTC: 17.25
13.8
12.19
32.44
11.03
11.97
12.08
11.1
12.08
9.478
49.19
10.59
9.903
8.109
7.491
8.389
30.17
12.91
      delta d: 
0.046
0.057
0.064
0.024
0.07
0.064
0.063
0.068
0.062
0.078
0.015
0.069
0.073
0.088
0.094
0.083
0.023
0.053
      vel: 
0.46
0.57
0.64
0.24
0.7
0.64
0.63
0.68
0.62
0.78
0.15
0.69
0.73
0.88
0.94
0.83
0.23
0.53
      min dist: 
7.9
7.9
7.8
7.8
7.7
7.7
7.6
7.5
7.5
7.4
7.4
7.3
7.2
7.1
7
7
6.9
6.8
