     TTC Camera Evaluation
20.72
22.69
15.14
13.6
15.91
16.96
17.57
16.67
19.13
17.39
16.73
15.89
15.42
14.13
14.09
13
12.29
11.71


     TTC Lidar Evaluation
TTC: 17.25
14.04
12.19
86.6
15.46
14.21
12.69
12.38
16.28
8.036
36.87
8.092
10.79
7.757
9.405
8.389
10.29
6.152
      delta d: 
0.046
0.056
0.064
0.009
0.05
0.054
0.06
0.061
0.046
0.092
0.02
0.09
0.067
0.092
0.075
0.083
0.067
0.11
      vel: 
0.46
0.56
0.64
0.09
0.5
0.54
0.6
0.61
0.46
0.92
0.2
0.9
0.67
0.92
0.75
0.83
0.67
1.1
      min dist: 
7.9
7.9
7.8
7.8
7.7
7.7
7.6
7.6
7.5
7.4
7.4
7.3
7.2
7.1
7.1
7
6.9
6.8
