     TTC Camera Evaluation
19.59
18.74
17.86
16.76
15.73
15.52
15.83
14.65
14.91
15.63
15.01
14.26
13.79
13.17
13.1
12.14
11.97
11.55


     TTC Lidar Evaluation
TTC: 17.25
11.57
12.19
86.6
12.88
14.47
12.08
10.92
9.829
16.14
36.87
9.116
9.146
8.81
8.007
10.57
10.29
7.362
      delta d: 
0.046
0.068
0.064
0.009
0.06
0.053
0.063
0.069
0.076
0.046
0.02
0.08
0.079
0.081
0.088
0.066
0.067
0.093
      vel: 
0.46
0.68
0.64
0.09
0.6
0.53
0.63
0.69
0.76
0.46
0.2
0.8
0.79
0.81
0.88
0.66
0.67
0.93
      min dist: 
7.9
7.9
7.8
7.8
7.7
7.7
7.6
7.5
7.5
7.4
7.4
7.3
7.2
7.1
7
7
6.9
6.8
