     TTC Camera Evaluation
4.521
8.21
7.473
8.828
10.17
11.74
11.32
11.96
13.13
13.02
13.06
12.7
12.14
11.83
11.62
10.97
10.66
10.17


     TTC Lidar Evaluation
TTC: 17.25
11.4
12.59
32.41
11.2
12.16
12.08
11.61
12.91
9.601
36.87
7.914
10.78
9.035
7.335
10.57
19.28
12.91
      delta d: 
0.046
0.069
0.062
0.024
0.069
0.063
0.063
0.065
0.058
0.077
0.02
0.092
0.067
0.079
0.096
0.066
0.036
0.053
      vel: 
0.46
0.69
0.62
0.24
0.69
0.63
0.63
0.65
0.58
0.77
0.2
0.92
0.67
0.79
0.96
0.66
0.36
0.53
      min dist: 
7.9
7.9
7.8
7.8
7.7
7.7
7.6
7.5
7.5
7.4
7.4
7.3
7.2
7.1
7
7
6.9
6.8
