     TTC Camera Evaluation
15.91
17.37
14.32
15.71
14.75
14.69
15.19
15.16
17.91
19.47
15.67
14.71
14.01
13.72
13.18
13.15
12.58
12.15


     TTC Lidar Evaluation
 TTC: 
17.25
11.57
12.59
43.25
12.66
15.66
11.36
12.58
9.577
9.601
36.87
8.375
12.68
7.673
7.491
8.814
10.29
9.751
 delta d: 
0.046
0.068
0.062
0.018
0.061
0.049
0.067
0.06
0.078
0.077
0.02
0.087
0.057
0.093
0.094
0.079
0.067
0.07
 vel: 
0.46
0.68
0.62
0.18
0.61
0.49
0.67
0.6
0.78
0.77
0.2
0.87
0.57
0.93
0.94
0.79
0.67
0.7
 min dist: 
7.9
7.9
7.8
7.8
7.7
7.7
7.6
7.5
7.5
7.4
7.4
7.3
7.2
7.1
7
7
6.9
6.8
