     TTC Camera Evaluation
13.94
20.04
15.9
14.04
12.83
14.22
15.39
15.26
15.85
16.9
16.03
15.07
14.02
13.62
13.13
12.26
11.88
11.38


     TTC Lidar Evaluation
TTC: 13.66
13.8
14.2
86.6
11.89
15.05
12.69
11.6
11.01
9.601
52.71
7.423
10.78
8.81
8.094
8.814
10.29
6.152
      delta d: 
0.058
0.057
0.055
0.009
0.065
0.051
0.06
0.065
0.068
0.077
0.014
0.098
0.067
0.081
0.087
0.079
0.067
0.11
      vel: 
0.58
0.57
0.55
0.09
0.65
0.51
0.6
0.65
0.68
0.77
0.14
0.98
0.67
0.81
0.87
0.79
0.67
1.1
      min dist: 
7.9
7.9
7.8
7.8
7.7
7.7
7.6
7.5
7.5
7.4
7.4
7.3
7.2
7.1
7
7
6.9
6.8
