     TTC Camera Evaluation
15.2
-2.674
-2.767
0.9246
-2.995
-1.991
-2.236
1.533
1.465
0.7949
-0.9471
1.677
-2.267
-1.431
-1.085
-9.348
-2.961
-1.495


     TTC Lidar Evaluation
TTC: 17.25
11.4
12.59
25.93
14.31
15.98
12.28
13.25
15.93
7.701
43.39
7.92
10.79
8.306
7.491
8.814
10.45
5.505
      delta d: 
0.046
0.069
0.062
0.03
0.054
0.048
0.062
0.057
0.047
0.096
0.017
0.092
0.067
0.086
0.094
0.079
0.066
0.12
      vel: 
0.46
0.69
0.62
0.3
0.54
0.48
0.62
0.57
0.47
0.96
0.17
0.92
0.67
0.86
0.94
0.79
0.66
1.2
      min dist: 
7.9
7.9
7.8
7.8
7.7
7.7
7.6
7.6
7.5
7.4
7.4
7.3
7.2
7.1
7
7
6.9
6.8
