     TTC Camera Evaluation
18.1
-1.454
-3.704
1.215
2.553
-6.016
-5.125
1.412
0.8123
0.689
-0.7737
1.284
-1.433
-3.39
-1.244
5.23
3.886
-1.368


     TTC Lidar Evaluation
TTC: 13.66
13.8
13.94
86.6
14.59
12.58
13.36
10.62
15.59
9.601
73.83
9.475
10.62
8.109
8.295
8.389
10.29
8.741
      delta d: 
0.058
0.057
0.056
0.009
0.053
0.061
0.057
0.071
0.048
0.077
0.01
0.077
0.068
0.088
0.085
0.083
0.067
0.078
      vel: 
0.58
0.57
0.56
0.09
0.53
0.61
0.57
0.71
0.48
0.77
0.1
0.77
0.68
0.88
0.85
0.83
0.67
0.78
      min dist: 
7.9
7.9
7.8
7.8
7.7
7.7
7.6
7.5
7.5
7.4
7.4
7.3
7.2
7.1
7.1
7
6.9
6.8
