     TTC Camera Evaluation
12.48
-2.796
2.257
1.716
-33.36
-20.83
-2.827
1.023
1.404
0.801
-0.7268
1.2
-1.472
-2.182
-0.9527
-13.2
47.35
-1.141


     TTC Lidar Evaluation
TTC: 15.24
11.57
12.19
86.6
12.66
14.47
12.08
13.02
10.68
9.601
61.51
8.096
12.68
8.109
7.491
8.814
30.17
5.988
      delta d: 
0.052
0.068
0.064
0.009
0.061
0.053
0.063
0.058
0.07
0.077
0.012
0.09
0.057
0.088
0.094
0.079
0.023
0.11
      vel: 
0.52
0.68
0.64
0.09
0.61
0.53
0.63
0.58
0.7
0.77
0.12
0.9
0.57
0.88
0.94
0.79
0.23
1.1
      min dist: 
7.9
7.9
7.8
7.8
7.7
7.7
7.6
7.6
7.5
7.4
7.4
7.3
7.2
7.1
7
7
6.9
6.8
